<?xml version="1.0" encoding="utf-8"?>
<COLLADA xmlns="http://www.collada.org/2005/11/COLLADASchema" version="1.4.1">
  <asset><contributor><author>Mixamo</author><authoring_tool>COLLADA Mixamo exporter</authoring_tool><comments></comments></contributor><created>2019-03-26T13:55:24Z</created><modified>2019-03-26T13:55:24Z</modified><revision></revision><title></title><unit meter="0.010000"/><up_axis>Y_UP</up_axis></asset>
  <library_animations>
    <animation id="Hips-anim" name="Hips"><source id="Hips-Matrix-animation-input"><float_array id="Hips-Matrix-animation-input-array" count="80">

0.000000 0.033333 0.066667 0.100000 0.133333 0.166667 0.200000 0.233333 0.266667 0.300000 0.333333 0.366667 0.400000 0.433333 0.466667 0.500000
0.533333 0.566667 0.600000 0.633333 0.666667 0.700000 0.733333 0.766667 0.800000 0.833333 0.866667 0.900000 0.933333 0.966667 1.000000 1.033333
1.066667 1.100000 1.133333 1.166667 1.200000 1.233333 1.266667 1.300000 1.333333 1.366667 1.400000 1.433333 1.466667 1.500000 1.533333 1.566667
1.600000 1.633333 1.666667 1.700000 1.733333 1.766667 1.800000 1.833333 1.866667 1.900000 1.933333 1.966667 2.000000 2.033333 2.066667 2.100000
2.133333 2.166667 2.200000 2.233333 2.266667 2.300000 2.333333 2.366667 2.400000 2.433333 2.466667 2.500000 2.533333 2.566667 2.600000 2.633333</float_array><technique_common><accessor source="#Hips-Matrix-animation-input-array" count="80"><param name="TIME" type="float"/></accessor></technique_common></source><source id="Hips-Matrix-animation-output-transform"><float_array id="Hips-Matrix-animation-output-transform-array" count="1280">

0.945915 -0.006077 -0.324357 1.115296 -0.059741 0.979462 -0.192574 101.591492 0.318865 0.201536 0.926125 -2.403892 0.000000 0.000000 0.000000 1.000000
0.948128 -0.003573 -0.317868 0.809430 -0.062218 0.978511 -0.196581 102.182762 0.311740 0.206161 0.927532 -2.537276 0.000000 0.000000 0.000000 1.000000
0.950044 -0.003357 -0.312098 0.469503 -0.062340 0.977752 -0.200285 102.721359 0.305827 0.209735 0.928698 -2.697000 0.000000 0.000000 0.000000 1.000000
0.950700 -0.004605 -0.310078 -0.005157 -0.060473 0.977941 -0.199934 103.229706 0.304158 0.208829 0.929450 -2.992640 0.000000 0.000000 0.000000 1.000000
0.948138 -0.008006 -0.317757 -0.592720 -0.055670 0.980049 -0.190802 103.619537 0.312945 0.198596 0.928776 -3.331744 0.000000 0.000000 0.000000 1.000000
0.940032 -0.017086 -0.340657 -1.274039 -0.043849 0.984403 -0.170374 103.763298 0.338255 0.175094 0.924622 -3.582306 0.000000 0.000000 0.000000 1.000000
0.924168 -0.031648 -0.380672 -1.949466 -0.023990 0.989786 -0.140529 103.596024 0.381231 0.139005 0.913970 -3.578042 0.000000 0.000000 0.000000 1.000000
0.900492 -0.046117 -0.432421 -2.494215 0.002064 0.994803 -0.101797 103.104126 0.434868 0.090775 0.895907 -3.202101 0.000000 0.000000 0.000000 1.000000
0.866725 -0.058720 -0.495317 -2.859748 0.030704 0.997444 -0.064521 102.416550 0.497840 0.040714 0.866313 -2.349308 0.000000 0.000000 0.000000 1.000000
0.804967 -0.065193 -0.589727 -3.328007 0.054153 0.997869 -0.036395 101.673370 0.590843 -0.002639 0.806782 -1.096920 0.000000 0.000000 0.000000 1.000000
0.724287 -0.073067 -0.685616 -3.914162 0.078535 0.996640 -0.023248 101.196388 0.685011 -0.037006 0.727592 0.702314 0.000000 0.000000 0.000000 1.000000
0.678527 -0.102444 -0.727397 -4.036771 0.106482 0.993486 -0.040591 101.143539 0.726817 -0.049912 0.685015 2.671663 0.000000 0.000000 0.000000 1.000000
0.643935 -0.134064 -0.753243 -4.089614 0.138622 0.988677 -0.057461 101.251152 0.752417 -0.067415 0.655228 4.498528 0.000000 0.000000 0.000000 1.000000
0.609165 -0.155069 -0.777735 -4.126418 0.166169 0.983885 -0.066019 101.125656 0.775439 -0.089018 0.625115 6.054216 0.000000 0.000000 0.000000 1.000000
0.579385 -0.172877 -0.796509 -4.140377 0.189759 0.979004 -0.074454 100.874313 0.792656 -0.108007 0.600025 7.397150 0.000000 0.000000 0.000000 1.000000
0.560345 -0.190866 -0.805968 -4.068689 0.210043 0.974022 -0.084633 100.726891 0.801184 -0.121865 0.585878 8.480610 0.000000 0.000000 0.000000 1.000000
0.548903 -0.206610 -0.809949 -3.931222 0.223691 0.969938 -0.095826 100.562317 0.805399 -0.128579 0.578619 9.227984 0.000000 0.000000 0.000000 1.000000
0.540697 -0.216877 -0.812780 -3.721952 0.226325 0.968074 -0.107753 100.375626 0.810200 -0.125690 0.572519 9.750140 0.000000 0.000000 0.000000 1.000000
0.538999 -0.223015 -0.812247 -3.391486 0.221568 0.967891 -0.118719 100.355667 0.812642 -0.115979 0.571105 10.201129 0.000000 0.000000 0.000000 1.000000
0.547376 -0.226880 -0.805546 -2.910122 0.213288 0.968585 -0.127869 100.476349 0.809251 -0.101821 0.578572 10.602013 0.000000 0.000000 0.000000 1.000000
0.571610 -0.226171 -0.788738 -2.338372 0.200149 0.970657 -0.133285 100.573616 0.795740 -0.081678 0.600106 10.932972 0.000000 0.000000 0.000000 1.000000
0.623751 -0.215341 -0.751374 -1.865704 0.181260 0.974945 -0.128944 100.758286 0.760316 -0.055765 0.647155 11.149204 0.000000 0.000000 0.000000 1.000000
0.706332 -0.192512 -0.681201 -1.669125 0.159880 0.980829 -0.111410 101.277748 0.689590 -0.030218 0.723570 11.185413 0.000000 0.000000 0.000000 1.000000
0.806875 -0.159585 -0.568758 -1.617515 0.133961 0.987166 -0.086939 102.074692 0.575332 -0.006043 0.817897 11.164618 0.000000 0.000000 0.000000 1.000000
0.904397 -0.121042 -0.409163 -1.684414 0.101987 0.992447 -0.068167 102.924034 0.414324 0.019921 0.909912 11.126949 0.000000 0.000000 0.000000 1.000000
0.973662 -0.086389 -0.210994 -2.068202 0.073833 0.995038 -0.066696 104.098045 0.215709 0.049361 0.975209 10.737644 0.000000 0.000000 0.000000 1.000000
0.998279 -0.058054 -0.008237 -2.535221 0.057271 0.995509 -0.075381 105.261070 0.012576 0.074779 0.997121 9.676933 0.000000 0.000000 0.000000 1.000000
0.986980 -0.028942 0.158217 -2.559346 0.043324 0.995159 -0.088219 105.768127 -0.154897 0.093925 0.983456 8.119735 0.000000 0.000000 0.000000 1.000000
0.961980 0.014093 0.272756 -2.236397 0.017822 0.993300 -0.114179 105.509254 -0.272538 0.114699 0.955284 6.305840 0.000000 0.000000 0.000000 1.000000
0.938109 0.063419 0.340484 -1.997911 -0.011700 0.988334 -0.151852 104.806534 -0.346142 0.138470 0.927907 4.598902 0.000000 0.000000 0.000000 1.000000
0.924479 0.089256 0.370636 -2.282641 -0.012962 0.979003 -0.203431 104.317505 -0.381012 0.183264 0.906225 3.666966 0.000000 0.000000 0.000000 1.000000
0.917212 0.095307 0.386831 -3.034811 0.010034 0.965129 -0.261581 103.918198 -0.398272 0.243806 0.884272 3.523502 0.000000 0.000000 0.000000 1.000000
0.903824 0.106477 0.414445 -3.878094 0.027543 0.952062 -0.304664 102.795082 -0.427017 0.286777 0.857564 3.685749 0.000000 0.000000 0.000000 1.000000
0.879428 0.126665 0.458871 -4.682167 0.032623 0.945647 -0.323555 100.832710 -0.474913 0.299513 0.827496 3.960517 0.000000 0.000000 0.000000 1.000000
0.853731 0.150272 0.498560 -5.457944 0.030815 0.941195 -0.336454 98.592133 -0.519802 0.302605 0.798897 4.466729 0.000000 0.000000 0.000000 1.000000
0.836971 0.185090 0.514996 -6.073176 0.016653 0.932017 -0.362032 96.505272 -0.546993 0.311586 0.776989 5.044373 0.000000 0.000000 0.000000 1.000000
0.828149 0.223822 0.513880 -6.558085 -0.001989 0.917980 -0.396622 94.615112 -0.560504 0.327440 0.760669 5.409305 0.000000 0.000000 0.000000 1.000000
0.827393 0.249399 0.503211 -6.946018 -0.015220 0.905621 -0.423815 93.147095 -0.561418 0.343003 0.753100 5.520082 0.000000 0.000000 0.000000 1.000000
0.836683 0.254493 0.484969 -7.143434 -0.024392 0.901921 -0.431212 92.336243 -0.547144 0.348958 0.760830 5.385959 0.000000 0.000000 0.000000 1.000000
0.855283 0.239332 0.459578 -7.141212 -0.026166 0.905757 -0.422989 92.415138 -0.517501 0.349750 0.780940 4.980481 0.000000 0.000000 0.000000 1.000000
0.878923 0.214181 0.426171 -7.017944 -0.021875 0.910667 -0.412561 93.085304 -0.476463 0.353287 0.805091 4.309865 0.000000 0.000000 0.000000 1.000000
0.905774 0.186187 0.380668 -6.892130 -0.022783 0.918404 -0.394987 93.751755 -0.423148 0.349096 0.836108 3.279224 0.000000 0.000000 0.000000 1.000000
0.932033 0.164873 0.322693 -6.960284 -0.037062 0.929202 -0.367710 94.237953 -0.360472 0.330759 0.872157 1.899341 0.000000 0.000000 0.000000 1.000000
0.954420 0.148606 0.258842 -7.199607 -0.055944 0.940937 -0.333927 94.840912 -0.293178 0.304226 0.906363 0.415163 0.000000 0.000000 0.000000 1.000000
0.974468 0.125005 0.186511 -7.096185 -0.065551 0.952886 -0.296162 95.776802 -0.214746 0.276374 0.936751 -0.903288 0.000000 0.000000 0.000000 1.000000
0.989480 0.100798 0.103777 -6.880136 -0.070428 0.962201 -0.263077 96.927551 -0.126372 0.253001 0.959177 -2.090828 0.000000 0.000000 0.000000 1.000000
0.996709 0.079015 0.018113 -7.179326 -0.072464 0.968598 -0.237837 98.195602 -0.036336 0.235741 0.971136 -3.337690 0.000000 0.000000 0.000000 1.000000
0.995889 0.061831 -0.066203 -7.631165 -0.074675 0.974066 -0.213587 99.493423 0.051280 0.217652 0.974678 -4.446175 0.000000 0.000000 0.000000 1.000000
0.988365 0.048690 -0.144098 -8.026988 -0.075307 0.979761 -0.185466 100.653854 0.132151 0.194160 0.972028 -5.368088 0.000000 0.000000 0.000000 1.000000
0.976110 0.035431 -0.214371 -8.487398 -0.070496 0.984885 -0.158213 101.707886 0.205525 0.169546 0.963854 -6.162871 0.000000 0.000000 0.000000 1.000000
0.961521 0.017942 -0.274146 -9.058085 -0.057177 0.989084 -0.135806 102.749077 0.268717 0.146255 0.952051 -6.860015 0.000000 0.000000 0.000000 1.000000
0.946365 -0.000404 -0.323099 -9.481490 -0.039985 0.992166 -0.118358 103.555504 0.320615 0.124929 0.938935 -7.299267 0.000000 0.000000 0.000000 1.000000
0.930966 -0.017004 -0.364709 -9.612548 -0.023088 0.994174 -0.105288 103.986580 0.364374 0.106440 0.925150 -7.423526 0.000000 0.000000 0.000000 1.000000
0.914971 -0.032534 -0.402206 -9.610497 -0.006707 0.995381 -0.095773 104.201752 0.403464 0.090327 0.910526 -7.370210 0.000000 0.000000 0.000000 1.000000
0.898696 -0.045379 -0.436218 -9.567023 0.007519 0.996081 -0.088131 104.334007 0.438508 0.075923 0.895515 -7.180902 0.000000 0.000000 0.000000 1.000000
0.883572 -0.056364 -0.464891 -9.519881 0.019756 0.996333 -0.083248 104.419876 0.467879 0.064371 0.881445 -6.924989 0.000000 0.000000 0.000000 1.000000
0.869893 -0.066542 -0.488731 -9.419056 0.030312 0.996197 -0.081683 104.378387 0.492308 0.056241 0.868602 -6.686127 0.000000 0.000000 0.000000 1.000000
0.857142 -0.074971 -0.509595 -9.159700 0.039406 0.995996 -0.080249 104.224541 0.513571 0.048704 0.856664 -6.458724 0.000000 0.000000 0.000000 1.000000
0.846982 -0.081289 -0.525370 -8.764837 0.045430 0.995693 -0.080820 104.043457 0.529677 0.044585 0.847027 -6.216610 0.000000 0.000000 0.000000 1.000000
0.840202 -0.086348 -0.535354 -8.297246 0.047111 0.995131 -0.086568 103.786598 0.540223 0.047514 0.840180 -5.955174 0.000000 0.000000 0.000000 1.000000
0.836752 -0.090946 -0.539976 -7.762124 0.046238 0.994324 -0.095818 103.473099 0.545626 0.055209 0.836208 -5.679401 0.000000 0.000000 0.000000 1.000000
0.838095 -0.094676 -0.537246 -7.165410 0.044051 0.993354 -0.106333 103.178596 0.543743 0.065451 0.836696 -5.417348 0.000000 0.000000 0.000000 1.000000
0.844352 -0.096691 -0.526993 -6.512156 0.040671 0.992310 -0.116902 102.889130 0.534244 0.077274 0.841791 -5.167133 0.000000 0.000000 0.000000 1.000000
0.852846 -0.097110 -0.513052 -5.817680 0.035684 0.991096 -0.128275 102.598518 0.520941 0.091091 0.848718 -4.910918 0.000000 0.000000 0.000000 1.000000
0.862050 -0.096993 -0.497455 -5.136674 0.028853 0.989317 -0.142895 102.329391 0.506001 0.108830 0.855640 -4.687349 0.000000 0.000000 0.000000 1.000000
0.872252 -0.096732 -0.479396 -4.467591 0.022450 0.987130 -0.158334 102.035774 0.488542 0.127345 0.863198 -4.475178 0.000000 0.000000 0.000000 1.000000
0.882424 -0.094116 -0.460944 -3.724170 0.015942 0.985204 -0.170642 101.731522 0.470184 0.143230 0.870869 -4.204542 0.000000 0.000000 0.000000 1.000000
0.891923 -0.087369 -0.443667 -2.908147 0.007195 0.983775 -0.179263 101.451241 0.452131 0.156697 0.878080 -3.889673 0.000000 0.000000 0.000000 1.000000
0.901100 -0.078262 -0.426490 -2.126637 -0.001674 0.982942 -0.183910 101.109367 0.433608 0.166435 0.885598 -3.559022 0.000000 0.000000 0.000000 1.000000
0.909378 -0.069601 -0.410106 -1.394704 -0.008587 0.982551 -0.185794 100.743378 0.415882 0.172479 0.892913 -3.202178 0.000000 0.000000 0.000000 1.000000
0.916572 -0.062000 -0.395034 -0.632876 -0.013752 0.982435 -0.186100 100.535797 0.399633 0.176006 0.899619 -2.810812 0.000000 0.000000 0.000000 1.000000
0.922802 -0.054822 -0.381354 0.100531 -0.018252 0.982492 -0.185407 100.409439 0.384842 0.178055 0.905645 -2.416347 0.000000 0.000000 0.000000 1.000000
0.928014 -0.048181 -0.369417 0.666473 -0.021935 0.982815 -0.183286 100.246269 0.371899 0.178196 0.911009 -2.077655 0.000000 0.000000 0.000000 1.000000
0.932698 -0.043770 -0.357993 1.096445 -0.023806 0.982972 -0.182205 100.127060 0.359872 0.178465 0.915774 -1.838072 0.000000 0.000000 0.000000 1.000000
0.936672 -0.040663 -0.347840 1.399311 -0.025040 0.982918 -0.182331 100.009598 0.349312 0.179494 0.919654 -1.734176 0.000000 0.000000 0.000000 1.000000
0.939308 -0.036616 -0.341115 1.618093 -0.027797 0.982896 -0.182049 100.011574 0.341946 0.180482 0.922225 -1.754137 0.000000 0.000000 0.000000 1.000000
0.940684 -0.033081 -0.337667 1.681119 -0.031837 0.982238 -0.184920 100.215363 0.337787 0.184701 0.922922 -1.876231 0.000000 0.000000 0.000000 1.000000
0.943057 -0.024269 -0.331746 1.596774 -0.041764 0.980803 -0.190475 100.534225 0.330000 0.193484 0.923939 -2.036060 0.000000 0.000000 0.000000 1.000000
0.944694 -0.014950 -0.327613 1.373598 -0.051123 0.980035 -0.192138 101.002693 0.323945 0.198260 0.925069 -2.234473 0.000000 0.000000 0.000000 1.000000
0.945915 -0.006077 -0.324356 1.115312 -0.059741 0.979462 -0.192574 101.591476 0.318865 0.201536 0.926125 -2.403869 0.000000 0.000000 0.000000 1.000000</float_array><technique_common><accessor source="#Hips-Matrix-animation-output-transform-array" count="80" stride="16"><param type="float4x4"/></accessor></technique_common></source><source id="Hips-Interpolations"><Name_array id="Hips-Interpolations-array" count="80">
 LINEAR LINEAR LINEAR LINEAR LINEAR LINEAR LINEAR LINEAR LINEAR LINEAR LINEAR
LINEAR LINEAR LINEAR LINEAR LINEAR LINEAR LINEAR LINEAR LINEAR LINEAR LINEAR LINEAR
LINEAR LINEAR LINEAR LINEAR LINEAR LINEAR LINEAR LINEAR LINEAR LINEAR LINEAR LINEAR
LINEAR LINEAR LINEAR LINEAR LINEAR LINEAR LINEAR LINEAR LINEAR LINEAR LINEAR LINEAR
LINEAR LINEAR LINEAR LINEAR LINEAR LINEAR LINEAR LINEAR LINEAR LINEAR LINEAR LINEAR
LINEAR LINEAR LINEAR LINEAR LINEAR LINEAR LINEAR LINEAR LINEAR LINEAR LINEAR LINEAR
LINEAR LINEAR LINEAR LINEAR LINEAR LINEAR LINEAR LINEAR LINEAR</Name_array><technique_common><accessor source="#Hips-Interpolations-array" count="80"><param type="name"/></accessor></technique_common></source><sampler id="Hips-Matrix-animation-transform"><input semantic="INPUT" source="#Hips-Matrix-animation-input"/><input semantic="OUTPUT" source="#Hips-Matrix-animation-output-transform"/><input semantic="INTERPOLATION" source="#Hips-Interpolations"/></sampler><channel source="#Hips-Matrix-animation-transform" target="Hips/matrix"/></animation>
    <animation id="Spine-anim" name="Spine"><source id="Spine-Matrix-animation-input"><float_array id="Spine-Matrix-animation-input-array" count="80">

0.000000 0.033333 0.066667 0.100000 0.133333 0.166667 0.200000 0.233333 0.266667 0.300000 0.333333 0.366667 0.400000 0.433333 0.466667 0.500000
0.533333 0.566667 0.600000 0.633333 0.666667 0.700000 0.733333 0.766667 0.800000 0.833333 0.866667 0.900000 0.933333 0.966667 1.000000 1.033333
1.066667 1.100000 1.133333 1.166667 1.200000 1.233333 1.266667 1.300000 1.333333 1.366667 1.400000 1.433333 1.466667 1.500000 1.533333 1.566667
1.600000 1.633333 1.666667 1.700000 1.733333 1.766667 1.800000 1.833333 1.866667 1.900000 1.933333 1.966667 2.000000 2.033333 2.066667 2.100000
2.133333 2.166667 2.200000 2.233333 2.266667 2.300000 2.333333 2.366667 2.400000 2.433333 2.466667 2.500000 2.533333 2.566667 2.600000 2.633333</float_array><technique_common><accessor source="#Spine-Matrix-animation-input-array" count="80"><param name="TIME" type="float"/></accessor></technique_common></source><source id="Spine-Matrix-animation-output-transform"><float_array id="Spine-Matrix-animation-output-transform-array" count="1280">

0.999443 -0.031788 -0.010163 0.030900 0.031337 0.998635 -0.041797 11.006600 0.011477 0.041455 0.999074 0.107900 0.000000 0.000000 0.000000 1.000000
0.999547 -0.029619 -0.005378 0.030900 0.029386 0.998796 -0.039272 11.006600 0.006535 0.039096 0.999214 0.107900 0.000000 0.000000 0.000000 1.000000
0.999606 -0.027981 0.002064 0.030900 0.028036 0.998972 -0.035611 11.006600 -0.001066 0.035654 0.999364 0.107900 0.000000 0.000000 0.000000 1.000000
0.999518 -0.028632 0.011961 0.030900 0.028987 0.999111 -0.030626 11.006600 -0.011073 0.030958 0.999459 0.107900 0.000000 0.000000 0.000000 1.000000
0.999254 -0.033938 0.018452 0.030900 0.034354 0.999153 -0.022674 11.006600 -0.017667 0.023291 0.999573 0.107900 0.000000 0.000000 0.000000 1.000000
0.998879 -0.044265 0.016763 0.030900 0.044423 0.998971 -0.009141 11.006600 -0.016341 0.009875 0.999818 0.107900 0.000000 0.000000 0.000000 1.000000
0.998517 -0.052356 0.014928 0.030900 0.052196 0.998578 0.010870 11.006600 -0.015476 -0.010075 0.999829 0.107900 0.000000 0.000000 0.000000 1.000000
0.998299 -0.057516 0.009505 0.030900 0.057193 0.997873 0.031294 11.006600 -0.011285 -0.030697 0.999465 0.107900 0.000000 0.000000 0.000000 1.000000
0.997736 -0.065747 -0.014123 0.030900 0.066401 0.996421 0.052312 11.006600 0.010633 -0.053131 0.998531 0.107900 0.000000 0.000000 0.000000 1.000000
0.995913 -0.077333 -0.046656 0.030900 0.080804 0.993689 0.077796 11.006600 0.040345 -0.081248 0.995877 0.107900 0.000000 0.000000 0.000000 1.000000
0.991726 -0.096116 -0.085100 0.030900 0.104819 0.988984 0.104520 11.006600 0.074116 -0.112575 0.990875 0.107900 0.000000 0.000000 0.000000 1.000000
0.986373 -0.113114 -0.119472 0.030900 0.127451 0.984547 0.120096 11.006600 0.104041 -0.133686 0.985547 0.107900 0.000000 0.000000 0.000000 1.000000
0.981913 -0.125879 -0.141428 0.030900 0.144361 0.981072 0.129061 11.006600 0.122505 -0.147143 0.981500 0.107900 0.000000 0.000000 0.000000 1.000000
0.978095 -0.133547 -0.159672 0.030900 0.154950 0.979320 0.130087 11.006600 0.138997 -0.151978 0.978561 0.107900 0.000000 0.000000 0.000000 1.000000
0.973269 -0.142637 -0.180007 0.030900 0.166501 0.978056 0.125239 11.006600 0.158193 -0.151862 0.975660 0.107900 0.000000 0.000000 0.000000 1.000000
0.967694 -0.155791 -0.198234 0.030900 0.181064 0.976558 0.116403 11.006600 0.175452 -0.148535 0.973218 0.107900 0.000000 0.000000 0.000000 1.000000
0.963092 -0.161826 -0.215097 0.030900 0.188435 0.975967 0.109455 11.006600 0.192215 -0.145947 0.970440 0.107900 0.000000 0.000000 0.000000 1.000000
0.960039 -0.160188 -0.229490 0.030900 0.188149 0.976457 0.105511 11.006600 0.207185 -0.144473 0.967575 0.107900 0.000000 0.000000 0.000000 1.000000
0.958250 -0.160613 -0.236561 0.030900 0.188983 0.976622 0.102447 11.006600 0.214576 -0.142875 0.966201 0.107900 0.000000 0.000000 0.000000 1.000000
0.957818 -0.162258 -0.237185 0.030900 0.190471 0.976465 0.101176 11.006600 0.215186 -0.142085 0.966182 0.107900 0.000000 0.000000 0.000000 1.000000
0.958329 -0.161172 -0.235857 0.030900 0.189563 0.976454 0.102975 11.006600 0.213707 -0.143394 0.966317 0.107900 0.000000 0.000000 0.000000 1.000000
0.959425 -0.158431 -0.233245 0.030900 0.187553 0.976260 0.108353 11.006600 0.210541 -0.147702 0.966362 0.107900 0.000000 0.000000 0.000000 1.000000
0.961733 -0.149782 -0.229422 0.030900 0.180346 0.976435 0.118529 11.006600 0.206262 -0.155368 0.966083 0.107900 0.000000 0.000000 0.000000 1.000000
0.965632 -0.136322 -0.221292 0.030900 0.167655 0.977298 0.129540 11.006600 0.198610 -0.162188 0.966566 0.107900 0.000000 0.000000 0.000000 1.000000
0.974103 -0.118643 -0.192477 0.030900 0.146676 0.979428 0.138590 11.006600 0.172075 -0.163232 0.971466 0.107900 0.000000 0.000000 0.000000 1.000000
0.986244 -0.088224 -0.139780 0.030900 0.108752 0.983173 0.146777 11.006600 0.124479 -0.159960 0.979243 0.107900 0.000000 0.000000 0.000000 1.000000
0.995840 -0.053260 -0.073930 0.030900 0.063303 0.987993 0.140934 11.006600 0.065536 -0.145027 0.987255 0.107900 0.000000 0.000000 0.000000 1.000000
0.999369 -0.035485 -0.001823 0.030900 0.035457 0.992636 0.115829 11.006600 -0.002301 -0.115820 0.993268 0.107900 0.000000 0.000000 0.000000 1.000000
0.996946 -0.047491 0.061996 0.030900 0.041628 0.994827 0.092668 11.006600 -0.066076 -0.089804 0.993765 0.107900 0.000000 0.000000 0.000000 1.000000
0.990189 -0.083587 0.111980 0.030900 0.074418 0.993708 0.083703 11.006600 -0.118271 -0.074548 0.990179 0.107900 0.000000 0.000000 0.000000 1.000000
0.982158 -0.110751 0.151984 0.030900 0.100577 0.992241 0.073093 11.006600 -0.158900 -0.056503 0.985677 0.107900 0.000000 0.000000 0.000000 1.000000
0.977617 -0.108518 0.180249 0.030900 0.100372 0.993498 0.053741 11.006600 -0.184909 -0.034446 0.982152 0.107900 0.000000 0.000000 0.000000 1.000000
0.972944 -0.106317 0.205124 0.030900 0.101491 0.994257 0.033936 11.006600 -0.207554 -0.012200 0.978147 0.107900 0.000000 0.000000 0.000000 1.000000
0.961633 -0.116286 0.248475 0.030900 0.116059 0.993120 0.015616 11.006600 -0.248581 0.013821 0.968512 0.107900 0.000000 0.000000 0.000000 1.000000
0.953506 -0.121735 0.275693 0.030900 0.130052 0.991434 -0.012015 11.006600 -0.271869 0.047310 0.961171 0.107900 0.000000 0.000000 0.000000 1.000000
0.962068 -0.111048 0.249187 0.030900 0.128800 0.990085 -0.056053 11.006600 -0.240492 0.086022 0.966832 0.107900 0.000000 0.000000 0.000000 1.000000
0.975009 -0.090321 0.202977 0.030900 0.112590 0.988498 -0.100967 11.006600 -0.191523 0.121297 0.973964 0.107900 0.000000 0.000000 0.000000 1.000000
0.985592 -0.065920 0.155763 0.030900 0.088078 0.986237 -0.139926 11.006600 -0.144396 0.151629 0.977834 0.107900 0.000000 0.000000 0.000000 1.000000
0.994465 -0.037982 0.097961 0.030900 0.054761 0.983090 -0.174746 11.006600 -0.089667 0.179143 0.979728 0.107900 0.000000 0.000000 0.000000 1.000000
0.998894 -0.010317 0.045882 0.030900 0.019093 0.980581 -0.195185 11.006600 -0.042977 0.195845 0.979693 0.107900 0.000000 0.000000 0.000000 1.000000
0.999818 0.008529 0.017061 0.030900 -0.005061 0.981028 -0.193801 11.006600 -0.018390 0.193679 0.980892 0.107900 0.000000 0.000000 0.000000 1.000000
0.999824 0.017848 0.005748 0.030900 -0.016547 0.984031 -0.177226 11.006600 -0.008819 0.177100 0.984153 0.107900 0.000000 0.000000 0.000000 1.000000
0.999843 0.017700 -0.000764 0.030900 -0.017609 0.988149 -0.152487 11.006600 -0.001944 0.152477 0.988305 0.107900 0.000000 0.000000 0.000000 1.000000
0.999944 0.010280 -0.002689 0.030900 -0.010539 0.991785 -0.127479 11.006600 0.001357 0.127501 0.991838 0.107900 0.000000 0.000000 0.000000 1.000000
0.999941 0.002758 0.010493 0.030900 -0.001600 0.994060 -0.108825 11.006600 -0.010731 0.108801 0.994006 0.107900 0.000000 0.000000 0.000000 1.000000
0.999617 -0.003609 0.027447 0.030900 0.006082 0.995871 -0.090574 11.006600 -0.027007 0.090707 0.995511 0.107900 0.000000 0.000000 0.000000 1.000000
0.999684 -0.005192 0.024599 0.030900 0.006976 0.997307 -0.073010 11.006600 -0.024154 0.073158 0.997028 0.107900 0.000000 0.000000 0.000000 1.000000
0.999895 -0.013184 0.005957 0.030900 0.013512 0.998168 -0.058973 11.006600 -0.005169 0.059047 0.998242 0.107900 0.000000 0.000000 0.000000 1.000000
0.999530 -0.026887 -0.014730 0.030900 0.026149 0.998496 -0.048182 11.006600 0.016004 0.047774 0.998730 0.107900 0.000000 0.000000 0.000000 1.000000
0.998813 -0.035265 -0.033609 0.030900 0.033863 0.998568 -0.041412 11.006600 0.035021 0.040225 0.998577 0.107900 0.000000 0.000000 0.000000 1.000000
0.998143 -0.034300 -0.050343 0.030900 0.032497 0.998816 -0.036209 11.006600 0.051525 0.034506 0.998075 0.107900 0.000000 0.000000 0.000000 1.000000
0.997401 -0.034846 -0.063071 0.030900 0.032946 0.998979 -0.030921 11.006600 0.064084 0.028762 0.997530 0.107900 0.000000 0.000000 0.000000 1.000000
0.996582 -0.042133 -0.071063 0.030900 0.040392 0.998852 -0.025760 11.006600 0.072067 0.022802 0.997139 0.107900 0.000000 0.000000 0.000000 1.000000
0.995788 -0.050618 -0.076450 0.030900 0.049209 0.998584 -0.020199 11.006600 0.077364 0.016352 0.996869 0.107900 0.000000 0.000000 0.000000 1.000000
0.994808 -0.059405 -0.082636 0.030900 0.058385 0.998186 -0.014706 11.006600 0.083359 0.009805 0.996471 0.107900 0.000000 0.000000 0.000000 1.000000
0.993677 -0.066990 -0.090102 0.030900 0.066412 0.997748 -0.009400 11.006600 0.090528 0.003356 0.995888 0.107900 0.000000 0.000000 0.000000 1.000000
0.992851 -0.072274 -0.094988 0.030900 0.072174 0.997382 -0.004487 11.006600 0.095064 -0.002401 0.995468 0.107900 0.000000 0.000000 0.000000 1.000000
0.992552 -0.075222 -0.095828 0.030900 0.075400 0.997152 -0.001765 11.006600 0.095687 -0.005473 0.995396 0.107900 0.000000 0.000000 0.000000 1.000000
0.992517 -0.076483 -0.095182 0.030900 0.076720 0.997052 -0.001173 11.006600 0.094991 -0.006138 0.995459 0.107900 0.000000 0.000000 0.000000 1.000000
0.992451 -0.078859 -0.093930 0.030900 0.079060 0.996869 -0.001590 11.006600 0.093762 -0.005849 0.995577 0.107900 0.000000 0.000000 0.000000 1.000000
0.992288 -0.082628 -0.092398 0.030900 0.082768 0.996566 -0.002329 11.006600 0.092273 -0.005336 0.995719 0.107900 0.000000 0.000000 0.000000 1.000000
0.992253 -0.085519 -0.090117 0.030900 0.085598 0.996325 -0.002992 11.006600 0.090042 -0.004745 0.995927 0.107900 0.000000 0.000000 0.000000 1.000000
0.992390 -0.087768 -0.086359 0.030900 0.087765 0.996134 -0.003845 11.006600 0.086362 -0.003764 0.996257 0.107900 0.000000 0.000000 0.000000 1.000000
0.992545 -0.090331 -0.081823 0.030900 0.090198 0.995910 -0.005329 11.006600 0.081970 -0.002091 0.996633 0.107900 0.000000 0.000000 0.000000 1.000000
0.992745 -0.091542 -0.077955 0.030900 0.091358 0.995800 -0.005932 11.006600 0.078171 -0.001233 0.996939 0.107900 0.000000 0.000000 0.000000 1.000000
0.993166 -0.089497 -0.074908 0.030900 0.089362 0.995986 -0.005159 11.006600 0.075069 -0.001570 0.997177 0.107900 0.000000 0.000000 0.000000 1.000000
0.993388 -0.088345 -0.073320 0.030900 0.088134 0.996090 -0.006125 11.006600 0.073575 -0.000378 0.997290 0.107900 0.000000 0.000000 0.000000 1.000000
0.993443 -0.089530 -0.071105 0.030900 0.089091 0.995980 -0.009322 11.006600 0.071654 0.002926 0.997425 0.107900 0.000000 0.000000 0.000000 1.000000
0.994001 -0.088010 -0.064938 0.030900 0.087331 0.996091 -0.013231 11.006600 0.065848 0.007481 0.997802 0.107900 0.000000 0.000000 0.000000 1.000000
0.994900 -0.083410 -0.056718 0.030900 0.082566 0.996439 -0.017063 11.006600 0.057940 0.012293 0.998244 0.107900 0.000000 0.000000 0.000000 1.000000
0.995603 -0.080438 -0.048008 0.030900 0.079476 0.996602 -0.021615 11.006600 0.049584 0.017704 0.998613 0.107900 0.000000 0.000000 0.000000 1.000000
0.996105 -0.078842 -0.039482 0.030900 0.077826 0.996611 -0.026653 11.006600 0.041449 0.023477 0.998865 0.107900 0.000000 0.000000 0.000000 1.000000
0.996694 -0.074796 -0.031727 0.030900 0.073799 0.996775 -0.031519 11.006600 0.033983 0.029074 0.998999 0.107900 0.000000 0.000000 0.000000 1.000000
0.997264 -0.068695 -0.027301 0.030900 0.067692 0.997053 -0.036102 11.006600 0.029700 0.034155 0.998975 0.107900 0.000000 0.000000 0.000000 1.000000
0.997738 -0.061895 -0.026220 0.030900 0.060813 0.997338 -0.040222 11.006600 0.028640 0.038536 0.998847 0.107900 0.000000 0.000000 0.000000 1.000000
0.998080 -0.056555 -0.025268 0.030900 0.055410 0.997498 -0.043903 11.006600 0.027688 0.042419 0.998716 0.107900 0.000000 0.000000 0.000000 1.000000
0.998375 -0.052368 -0.022477 0.030900 0.051314 0.997661 -0.045162 11.006600 0.024789 0.043935 0.998727 0.107900 0.000000 0.000000 0.000000 1.000000
0.998883 -0.044150 -0.016823 0.030900 0.043389 0.998124 -0.043195 11.006600 0.018699 0.042417 0.998925 0.107900 0.000000 0.000000 0.000000 1.000000
0.999237 -0.036794 -0.013089 0.030900 0.036208 0.998442 -0.042467 11.006600 0.014632 0.041960 0.999012 0.107900 0.000000 0.000000 0.000000 1.000000
0.999443 -0.031788 -0.010162 0.030900 0.031337 0.998635 -0.041797 11.006600 0.011477 0.041455 0.999074 0.107900 0.000000 0.000000 0.000000 1.000000</float_array><technique_common><accessor source="#Spine-Matrix-animation-output-transform-array" count="80" stride="16"><param type="float4x4"/></accessor></technique_common></source><source id="Spine-Interpolations"><Name_array id="Spine-Interpolations-array" count="80">
 LINEAR LINEAR LINEAR LINEAR LINEAR LINEAR LINEAR LINEAR LINEAR LINEAR LINEAR
LINEAR LINEAR LINEAR LINEAR LINEAR LINEAR LINEAR LINEAR LINEAR LINEAR LINEAR LINEAR
LINEAR LINEAR LINEAR LINEAR LINEAR LINEAR LINEAR LINEAR LINEAR LINEAR LINEAR LINEAR
LINEAR LINEAR LINEAR LINEAR LINEAR LINEAR LINEAR LINEAR LINEAR LINEAR LINEAR LINEAR
LINEAR LINEAR LINEAR LINEAR LINEAR LINEAR LINEAR LINEAR LINEAR LINEAR LINEAR LINEAR
LINEAR LINEAR LINEAR LINEAR LINEAR LINEAR LINEAR LINEAR LINEAR LINEAR LINEAR LINEAR
LINEAR LINEAR LINEAR LINEAR LINEAR LINEAR LINEAR LINEAR LINEAR</Name_array><technique_common><accessor source="#Spine-Interpolations-array" count="80"><param type="name"/></accessor></technique_common></source><sampler id="Spine-Matrix-animation-transform"><input semantic="INPUT" source="#Spine-Matrix-animation-input"/><input semantic="OUTPUT" source="#Spine-Matrix-animation-output-transform"/><input semantic="INTERPOLATION" source="#Spine-Interpolations"/></sampler><channel source="#Spine-Matrix-animation-transform" target="Spine/matrix"/></animation>
    <animation id="Spine1-anim" name="Spine1"><source id="Spine1-Matrix-animation-input"><float_array id="Spine1-Matrix-animation-input-array" count="80">

0.000000 0.033333 0.066667 0.100000 0.133333 0.166667 0.200000 0.233333 0.266667 0.300000 0.333333 0.366667 0.400000 0.433333 0.466667 0.500000
0.533333 0.566667 0.600000 0.633333 0.666667 0.700000 0.733333 0.766667 0.800000 0.833333 0.866667 0.900000 0.933333 0.966667 1.000000 1.033333
1.066667 1.100000 1.133333 1.166667 1.200000 1.233333 1.266667 1.300000 1.333333 1.366667 1.400000 1.433333 1.466667 1.500000 1.533333 1.566667
1.600000 1.633333 1.666667 1.700000 1.733333 1.766667 1.800000 1.833333 1.866667 1.900000 1.933333 1.966667 2.000000 2.033333 2.066667 2.100000
2.133333 2.166667 2.200000 2.233333 2.266667 2.300000 2.333333 2.366667 2.400000 2.433333 2.466667 2.500000 2.533333 2.566667 2.600000 2.633333</float_array><technique_common><accessor source="#Spine1-Matrix-animation-input-array" count="80"><param name="TIME" type="float"/></accessor></technique_common></source><source id="Spine1-Matrix-animation-output-transform"><float_array id="Spine1-Matrix-animation-output-transform-array" count="1280">

0.999458 -0.025778 -0.020474 0.037200 0.022904 0.991252 -0.129983 11.271000 0.023645 0.129444 0.991305 0.102300 0.000000 0.000000 0.000000 1.000000
0.999571 -0.023883 -0.016942 0.037200 0.021529 0.991588 -0.127630 11.271000 0.019847 0.127211 0.991677 0.102300 0.000000 0.000000 0.000000 1.000000
0.999693 -0.021976 -0.011434 0.037200 0.020389 0.992064 -0.124071 11.271000 0.014070 0.123800 0.992207 0.102300 0.000000 0.000000 0.000000 1.000000
0.999778 -0.020636 -0.004311 0.037200 0.019974 0.992654 -0.119325 11.271000 0.006742 0.119213 0.992846 0.102300 0.000000 0.000000 0.000000 1.000000
0.999753 -0.022219 0.000262 0.037200 0.022107 0.993394 -0.112603 11.271000 0.002241 0.112581 0.993640 0.102300 0.000000 0.000000 0.000000 1.000000
0.999599 -0.028319 -0.000903 0.037200 0.028077 0.994348 -0.102385 11.271000 0.003798 0.102319 0.994744 0.102300 0.000000 0.000000 0.000000 1.000000
0.999413 -0.034210 -0.001839 0.037200 0.033919 0.995600 -0.087345 11.271000 0.004819 0.087231 0.996176 0.102300 0.000000 0.000000 0.000000 1.000000
0.999202 -0.039602 -0.005226 0.037200 0.039118 0.996585 -0.072726 11.271000 0.008089 0.072464 0.997338 0.102300 0.000000 0.000000 0.000000 1.000000
0.998507 -0.050018 -0.021940 0.037200 0.048631 0.997028 -0.059757 11.271000 0.024864 0.058600 0.997972 0.102300 0.000000 0.000000 0.000000 1.000000
0.996840 -0.065272 -0.045279 0.037200 0.063296 0.997033 -0.043795 11.271000 0.048003 0.040790 0.998014 0.102300 0.000000 0.000000 0.000000 1.000000
0.993784 -0.084187 -0.072840 0.037200 0.082589 0.996278 -0.024693 11.271000 0.074648 0.018523 0.997038 0.102300 0.000000 0.000000 0.000000 1.000000
0.990413 -0.097985 -0.097369 0.037200 0.097415 0.995187 -0.010609 11.271000 0.097939 0.001022 0.995192 0.102300 0.000000 0.000000 0.000000 1.000000
0.987881 -0.106565 -0.112847 0.037200 0.107145 0.994243 -0.000926 11.271000 0.112296 -0.011176 0.993612 0.102300 0.000000 0.000000 0.000000 1.000000
0.985706 -0.112233 -0.125645 0.037200 0.113288 0.993561 0.001260 11.271000 0.124694 -0.015476 0.992075 0.102300 0.000000 0.000000 0.000000 1.000000
0.982908 -0.119801 -0.139784 0.037200 0.120838 0.992672 -0.001073 11.271000 0.138888 -0.015837 0.990181 0.102300 0.000000 0.000000 0.000000 1.000000
0.979912 -0.128643 -0.152391 0.037200 0.129366 0.991583 -0.005200 11.271000 0.151777 -0.014618 0.988307 0.102300 0.000000 0.000000 0.000000 1.000000
0.977399 -0.132447 -0.164767 0.037200 0.132950 0.991090 -0.008022 11.271000 0.164362 -0.014065 0.986300 0.102300 0.000000 0.000000 0.000000 1.000000
0.975444 -0.132775 -0.175729 0.037200 0.133088 0.991053 -0.010052 11.271000 0.175492 -0.013582 0.984387 0.102300 0.000000 0.000000 0.000000 1.000000
0.974109 -0.135606 -0.180896 0.037200 0.135604 0.990685 -0.012440 11.271000 0.180897 -0.012412 0.983424 0.102300 0.000000 0.000000 0.000000 1.000000
0.973579 -0.138950 -0.181211 0.037200 0.138767 0.990230 -0.013749 11.271000 0.181351 -0.011760 0.983348 0.102300 0.000000 0.000000 0.000000 1.000000
0.973552 -0.140157 -0.180425 0.037200 0.140166 0.990046 -0.012761 11.271000 0.180418 -0.012867 0.983506 0.102300 0.000000 0.000000 0.000000 1.000000
0.973793 -0.140050 -0.179200 0.037200 0.140721 0.990008 -0.009023 11.271000 0.178673 -0.016430 0.983771 0.102300 0.000000 0.000000 0.000000 1.000000
0.974597 -0.135688 -0.178182 0.037200 0.137569 0.990491 -0.001816 11.271000 0.176734 -0.022742 0.983996 0.102300 0.000000 0.000000 0.000000 1.000000
0.976663 -0.124702 -0.174869 0.037200 0.127706 0.991794 0.005988 11.271000 0.172688 -0.028181 0.984573 0.102300 0.000000 0.000000 0.000000 1.000000
0.982004 -0.106304 -0.156104 0.037200 0.109378 0.993937 0.011208 11.271000 0.153966 -0.028081 0.987677 0.102300 0.000000 0.000000 0.000000 1.000000
0.989601 -0.079641 -0.119775 0.037200 0.081776 0.996566 0.013006 11.271000 0.118328 -0.022666 0.992716 0.102300 0.000000 0.000000 0.000000 1.000000
0.995987 -0.052176 -0.072712 0.037200 0.052519 0.998616 0.002816 11.271000 0.072465 -0.006624 0.997349 0.102300 0.000000 0.000000 0.000000 1.000000
0.999128 -0.037579 -0.018175 0.037200 0.037222 0.999115 -0.019586 11.271000 0.018895 0.018893 0.999643 0.102300 0.000000 0.000000 0.000000 1.000000
0.998501 -0.043993 0.032550 0.037200 0.045175 0.998311 -0.036517 11.271000 -0.030889 0.037933 0.998803 0.102300 0.000000 0.000000 0.000000 1.000000
0.995273 -0.063753 0.073255 0.037200 0.066730 0.997011 -0.038944 11.271000 -0.070554 0.043648 0.996553 0.102300 0.000000 0.000000 0.000000 1.000000
0.991797 -0.073269 0.104741 0.037200 0.077994 0.996080 -0.041740 11.271000 -0.101272 0.049567 0.993623 0.102300 0.000000 0.000000 0.000000 1.000000
0.990362 -0.061170 0.124267 0.037200 0.068368 0.996170 -0.054505 11.271000 -0.120457 0.062475 0.990751 0.102300 0.000000 0.000000 0.000000 1.000000
0.988644 -0.052433 0.140830 0.037200 0.063155 0.995347 -0.072775 11.271000 -0.136359 0.080843 0.987355 0.102300 0.000000 0.000000 0.000000 1.000000
0.983551 -0.053682 0.172467 0.037200 0.070632 0.993092 -0.093694 11.271000 -0.166246 0.104334 0.980549 0.102300 0.000000 0.000000 0.000000 1.000000
0.979915 -0.054716 0.191762 0.037200 0.078898 0.989533 -0.120832 11.271000 -0.183143 0.133535 0.973975 0.102300 0.000000 0.000000 0.000000 1.000000
0.984416 -0.047522 0.169313 0.037200 0.074131 0.985210 -0.154484 11.271000 -0.159467 0.164628 0.973380 0.102300 0.000000 0.000000 0.000000 1.000000
0.990606 -0.034745 0.132261 0.037200 0.059054 0.981041 -0.184583 11.271000 -0.123340 0.190659 0.973877 0.102300 0.000000 0.000000 0.000000 1.000000
0.995254 -0.019477 0.095340 0.037200 0.039242 0.976898 -0.210073 11.271000 -0.089046 0.212818 0.973026 0.102300 0.000000 0.000000 0.000000 1.000000
0.998691 -0.002210 0.051110 0.037200 0.014153 0.972006 -0.234528 11.271000 -0.049161 0.234944 0.970765 0.102300 0.000000 0.000000 0.000000 1.000000
0.999817 0.014232 0.012756 0.037200 -0.010573 0.967886 -0.251165 11.271000 -0.015921 0.250984 0.967860 0.102300 0.000000 0.000000 0.000000 1.000000
0.999663 0.024844 -0.007523 0.037200 -0.025939 0.967168 -0.252810 11.271000 0.000995 0.252920 0.967487 0.102300 0.000000 0.000000 0.000000 1.000000
0.999490 0.028299 -0.014791 0.037200 -0.031044 0.969609 -0.242682 11.271000 0.007474 0.243017 0.969993 0.102300 0.000000 0.000000 0.000000 1.000000
0.999507 0.024852 -0.019202 0.037200 -0.028550 0.973754 -0.225806 11.271000 0.013086 0.226243 0.973983 0.102300 0.000000 0.000000 0.000000 1.000000
0.999633 0.017047 -0.021034 0.037200 -0.021059 0.977830 -0.208338 11.271000 0.017016 0.208705 0.977831 0.102300 0.000000 0.000000 0.000000 1.000000
0.999882 0.010302 -0.011378 0.037200 -0.012315 0.980903 -0.194106 11.271000 0.009161 0.194223 0.980915 0.102300 0.000000 0.000000 0.000000 1.000000
0.999986 0.005095 0.001699 0.037200 -0.004712 0.984058 -0.177783 11.271000 -0.002578 0.177773 0.984068 0.102300 0.000000 0.000000 0.000000 1.000000
0.999999 -0.000173 0.001250 0.037200 0.000374 0.986598 -0.163169 11.271000 -0.001205 0.163169 0.986597 0.102300 0.000000 0.000000 0.000000 1.000000
0.999893 -0.008742 -0.011744 0.037200 0.006845 0.988225 -0.152853 11.271000 0.012942 0.152757 0.988179 0.102300 0.000000 0.000000 0.000000 1.000000
0.999451 -0.018974 -0.027170 0.037200 0.014867 0.989453 -0.144088 11.271000 0.029617 0.143605 0.989192 0.102300 0.000000 0.000000 0.000000 1.000000
0.998823 -0.026287 -0.040759 0.037200 0.020417 0.990183 -0.138278 11.271000 0.043994 0.137283 0.989554 0.102300 0.000000 0.000000 0.000000 1.000000
0.998203 -0.029980 -0.051892 0.037200 0.022775 0.990687 -0.134244 11.271000 0.055433 0.132820 0.989589 0.102300 0.000000 0.000000 0.000000 1.000000
0.997591 -0.034485 -0.060196 0.037200 0.026424 0.991173 -0.129915 11.271000 0.064144 0.128011 0.989696 0.102300 0.000000 0.000000 0.000000 1.000000
0.997024 -0.040482 -0.065614 0.037200 0.032042 0.991649 -0.124926 11.271000 0.070123 0.122452 0.989994 0.102300 0.000000 0.000000 0.000000 1.000000
0.996530 -0.046203 -0.069239 0.037200 0.037699 0.992124 -0.119451 11.271000 0.074213 0.116427 0.990423 0.102300 0.000000 0.000000 0.000000 1.000000
0.995927 -0.052329 -0.073422 0.037200 0.043719 0.992480 -0.114332 11.271000 0.078852 0.110657 0.990726 0.102300 0.000000 0.000000 0.000000 1.000000
0.995210 -0.058117 -0.078613 0.037200 0.049307 0.992740 -0.109705 11.271000 0.084418 0.105303 0.990851 0.102300 0.000000 0.000000 0.000000 1.000000
0.994682 -0.062395 -0.081947 0.037200 0.053581 0.992956 -0.105680 11.271000 0.087963 0.100728 0.991018 0.102300 0.000000 0.000000 0.000000 1.000000
0.994493 -0.065017 -0.082198 0.037200 0.056346 0.993008 -0.103728 11.271000 0.088368 0.098525 0.991203 0.102300 0.000000 0.000000 0.000000 1.000000
0.994452 -0.066732 -0.081317 0.037200 0.058162 0.992922 -0.103556 11.271000 0.087652 0.098252 0.991294 0.102300 0.000000 0.000000 0.000000 1.000000
0.994431 -0.068478 -0.080115 0.037200 0.060000 0.992783 -0.103836 11.271000 0.086647 0.098451 0.991363 0.102300 0.000000 0.000000 0.000000 1.000000
0.994408 -0.070167 -0.078925 0.037200 0.061778 0.992643 -0.104128 11.271000 0.085651 0.098670 0.991427 0.102300 0.000000 0.000000 0.000000 1.000000
0.994441 -0.071644 -0.077167 0.037200 0.063396 0.992504 -0.104487 11.271000 0.084075 0.099014 0.991528 0.102300 0.000000 0.000000 0.000000 1.000000
0.994569 -0.072931 -0.074257 0.037200 0.064919 0.992339 -0.105118 11.271000 0.081355 0.099726 0.991684 0.102300 0.000000 0.000000 0.000000 1.000000
